Для Ф1 (x1, x2, x3):

Лямбда 1:
[[ 0.13491237  1.34462022]
 [ 0.13491237 -0.25774893]]

Лямбда 2:
[[ 0.13491237 -1.02835737]
 [ 0.13491237  0.76360755]]

Лямбда 3:
[[ 0.13491237 -1.06549188]
 [ 0.13491237  0.12764048]
 [ 0.13491237 -0.49252846]]

Псі:
[[ 1.42231471 -0.11757638 -0.79995797  0.89851992 -0.93057951  0.26255284 -0.11135187]
 [ 1.27927    -0.09522061 -0.70647093  0.47230223 -0.85821589  0.25553262 -0.15567943]
 [ 1.20774765 -0.08864538 -0.66720638  0.4660687  -0.77462344  0.25297981 -0.19015642]
 [ 1.1362253  -0.07549493 -0.6129839   0.44658892 -0.74343223  0.24653396 -0.22857364]
 [ 1.02894177 -0.0689197  -0.54286863  0.43762822 -0.64985858  0.24213037 -0.23793168]
 [ 0.99318059 -0.05576924 -0.51949687  0.41697965 -0.61866737  0.23689711 -0.2591104 ]
 [ 0.92165824 -0.01631788 -0.46246978  0.36087787 -0.5475514   0.21660227 -0.30590061]
 [ 0.77861354  0.00998304 -0.37459197  0.32074951 -0.40906241  0.20447643 -0.32707933]
 [ 0.63556883  0.03628395 -0.27643058  0.28178994 -0.2443728   0.18724496 -0.33594484]
 [ 0.49252413  0.06258486 -0.1969666   0.24244078 -0.1570374   0.17703372 -0.35663104]
 [ 0.42100177  0.07573531 -0.14554873  0.22335059 -0.11461735  0.17511912 -0.30097532]
 [ 0.34947942  0.08231054 -0.09506574  0.2128315  -0.02229135  0.1700135  -0.27585637]
 [ 0.27795707  0.08888577 -0.0520617   0.2038708   0.00515691  0.16490788 -0.25270753]
 [ 0.19642159  0.10203623  0.13491237  0.18361183  0.077271    0.16235507 -0.23399145]
 [ 0.19213025  0.10335127  0.00403052  0.18166385  0.08001583  0.16107866 -0.15764954]
 [ 0.17067354  0.10598136  0.01805357  0.17776789  0.09873056  0.15724945 -0.10396394]
 [ 0.16495175  0.11124154  0.09845242  0.17387193  0.10372115  0.15597304 -0.04880075]
 [ 0.15922996  0.11913182  0.02553254  0.16452164  0.11120704  0.15278203 -0.00496572]
 [ 0.15636907  0.12833714  0.02740228  0.14426266  0.12468165  0.14703821  0.00734749]
 [ 0.13491237  0.13491237  0.04142533  0.13491237  0.13491237  0.1444854   0.01867565]
 [ 1.47953259 -0.12283657 -0.893445    0.50892423 -0.91186478  0.13491237  0.03837679]
 [ 1.42231471  0.13491237 -0.74573549  0.13491237 -0.92434127  0.14410248  0.04871988]
 [ 1.27927     0.12833714 -0.70553606  0.14465226 -0.85821589  0.14576181  0.06004804]
 [ 1.20774765  0.11518668 -0.65598794  0.15828811 -0.78709993  0.14959102  0.06792849]
 [ 1.1362253   0.10861145 -0.61485364  0.17387193 -0.72596515  0.15686653  0.07334631]
 [ 1.02894177  0.10598136 -0.54286863  0.17776789 -0.64985858  0.15980226  0.09107733]
 [ 0.99318059  0.10335127 -0.518562    0.18166385 -0.61492442  0.16235507  0.10634571]
 [ 0.92165824  0.10203623 -0.46527439  0.18361183 -0.53507492  0.16554608  0.11619628]
 [ 0.77861354  0.08231054 -0.38394067  0.2128315  -0.42902479  0.16873709  0.13491237]
 [ 0.63556883  0.07573531 -0.27923519  0.2225714  -0.27306872  0.17090698 -0.3576161 ]]

А:
[[ 0.25115838  2.41106054  0.32670596  1.37445496  0.65750372  4.38124839  1.27138601]
 [ 0.27422005  1.82998726 -0.09500919  0.73486822  0.2569081   2.64800908  0.42029335]
 [ 0.47786051  2.54841033 -0.74444759  0.29772495 -0.21237738  1.9994985  -0.20795028]
 [ 0.31413532  1.72222922 -0.04657053  0.92096778  0.37842011  3.63034701  1.10457687]]

C:
[[ 0.15131625  0.11192599  0.84146746]
 [ 0.47335335 -0.1152246   0.69134198]
 [ 0.84156957 -0.31606022  0.45944157]
 [ 0.09711946 -0.04247766  0.95281287]]

Для Ф2 (x1, x2, x3):

Лямбда 1:
[[0.0497031  8.10897203]
 [0.0497031  0.12252399]]

Лямбда 2:
[[ 0.0497031   2.32867524]
 [ 0.0497031  -1.12281547]]

Лямбда 3:
[[ 0.0497031  -9.64137704]
 [ 0.0497031   0.51750459]
 [ 0.0497031  -0.1931302 ]]

Псі:
[[ 7.81361249e+00  1.69726601e-01  2.16668059e+00 -1.07311236e+00 -9.59167393e+00  5.67207698e-01 -4.68619944e-02]
 [ 6.95095590e+00  1.59099520e-01  1.95498284e+00 -4.46398015e-01 -8.93687315e+00  5.38744945e-01 -6.42437122e-02]
 [ 6.51962760e+00  1.55973908e-01  1.86606979e+00 -4.37232174e-01 -8.18046535e+00  5.28394853e-01 -7.77628260e-02]
 [ 6.08829930e+00  1.49722685e-01  1.74328510e+00 -4.08588922e-01 -7.89822364e+00  5.02260871e-01 -9.28269814e-02]
 [ 5.44130685e+00  1.46597073e-01  1.58451178e+00 -3.95413027e-01 -7.05149849e+00  4.84406963e-01 -9.64964552e-02]
 [ 5.22564270e+00  1.40345849e-01  1.53158735e+00 -3.65051180e-01 -6.76925677e+00  4.63189274e-01 -1.04801054e-01]
 [ 4.79431440e+00  1.21592178e-01  1.40245172e+00 -2.82558615e-01 -6.12574566e+00  3.80906044e-01 -1.23148422e-01]
 [ 3.93165780e+00  1.09089730e-01  1.20345584e+00 -2.23553517e-01 -4.87259243e+00  3.31743108e-01 -1.31453021e-01]
 [ 3.06900120e+00  9.65872825e-02  9.81173199e-01 -1.66267013e-01 -3.38235617e+00  2.61879988e-01 -1.34929364e-01]
 [ 2.20634460e+00  8.40848350e-02  8.01230113e-01 -1.08407645e-01 -2.59207936e+00  2.20479620e-01 -1.43040833e-01]
 [ 1.77501630e+00  7.78336112e-02  6.84796351e-01 -8.03372583e-02 -2.20823063e+00  2.12717051e-01 -1.21217120e-01]
 [ 1.34368800e+00  7.47079993e-02  5.70479566e-01 -6.48699024e-02 -1.37279515e+00  1.92016867e-01 -1.11367480e-01]
 [ 9.12359703e-01  7.15823874e-02  4.73098602e-01 -5.16940067e-02 -1.12442244e+00  1.71316684e-01 -1.02290361e-01]
 [ 4.20645442e-01  6.53311637e-02  4.97031042e-02 -2.19050249e-02 -4.71879588e-01  1.60966592e-01 -9.49514136e-02]
 [ 3.94765744e-01  6.47060413e-02  3.46079953e-01 -1.90406998e-02 -4.47042317e-01  1.55791546e-01 -6.50162330e-02]
 [ 2.65367254e-01  6.34557965e-02  3.14325290e-01 -1.33120494e-02 -2.77697287e-01  1.40266408e-01 -4.39650415e-02]
 [ 2.30860990e-01  6.09553070e-02  1.32265226e-01 -7.58339910e-03 -2.32538612e-01  1.35091362e-01 -2.23344594e-02]
 [ 1.96354726e-01  5.72045728e-02  2.97389470e-01  6.16536170e-03 -1.64800600e-01  1.22153747e-01 -5.14587181e-03]
 [ 1.79101594e-01  5.28287161e-02  2.93155515e-01  3.59543434e-02 -4.28721788e-02  9.88660406e-02 -3.17616875e-04]
 [ 4.97031042e-02  4.97031042e-02  2.61400853e-01  4.97031042e-02  4.97031042e-02  8.85159487e-02  4.12437766e-03]
 [ 8.15867513e+00  1.72227090e-01  2.37837834e+00 -5.00247328e-01 -9.42232890e+00  4.97031042e-02  1.18495856e-02]
 [ 7.81361249e+00  4.97031042e-02  2.04389590e+00  4.97031042e-02 -9.53522559e+00  8.69634350e-02  1.59053197e-02]
 [ 6.95095590e+00  5.28287161e-02  1.95286587e+00  3.53814784e-02 -8.93687315e+00  9.36909947e-02  2.03473142e-02]
 [ 6.51962760e+00  5.90799399e-02  1.84066606e+00  1.53312022e-02 -8.29336204e+00  1.09216132e-01  2.34373974e-02]
 [ 6.08829930e+00  6.22055518e-02  1.74751905e+00 -7.58339910e-03 -7.74016827e+00  1.38713894e-01  2.55618296e-02]
 [ 5.44130685e+00  6.34557965e-02  1.58451178e+00 -1.33120494e-02 -7.05149849e+00  1.50616500e-01  3.25145167e-02]
 [ 5.22564270e+00  6.47060413e-02  1.52947037e+00 -1.90406998e-02 -6.73538776e+00  1.60966592e-01  3.85015528e-02]
 [ 4.79431440e+00  6.53311637e-02  1.40880265e+00 -2.19050249e-02 -6.01284897e+00  1.73904207e-01  4.23641567e-02]
 [ 3.93165780e+00  7.47079993e-02  1.22462561e+00 -6.48699024e-02 -5.05322713e+00  1.86841821e-01  4.97031042e-02]
 [ 3.06900120e+00  7.78336112e-02  9.87524132e-01 -7.91915283e-02 -3.64201855e+00  1.95639400e-01 -1.43427093e-01]]

А:
[[-3.48751797e-02  4.69321567e+00  2.15200252e-01  1.23322451e-01  7.22073562e-04  1.14199408e+00  6.14919845e-01]
 [-8.80991638e-03  3.46221743e+00  2.67380308e-01  4.10194608e-01 -4.94965284e-02 -4.96304864e-01 -2.42134217e+00]
 [ 6.43420455e-02  1.74523459e+00  4.84778670e-01  9.38622631e-01 -1.08891602e-01 -1.44490727e+00 -4.72273469e+00]
 [-1.33544205e-02  4.08019022e+00  2.75186283e-01  3.11980489e-01 -2.77670194e-02  5.45800333e-01  5.73095134e-02]]

C:
[[ 1.19699549  0.39485316 -0.55612871]
 [ 0.80631332  0.63803209 -0.33913408]
 [-0.47935794  0.74028318  0.76066047]
 [ 1.90743234  1.44747508 -2.45765164]]

Для Ф3 (x1, x2, x3):

Лямбда 1:
[[-0.00899019 -3.96250875]
 [-0.00899019 -0.49828723]]

Лямбда 2:
[[-0.00899019  2.18103541]
 [-0.00899019 -0.20197397]]

Лямбда 3:
[[-0.00899019  2.78532604]
 [-0.00899019 -0.62141686]
 [-0.00899019  0.80059433]]

Псі:
[[-3.80288154 -0.49710829  1.97376927 -0.21096416  2.77633585 -0.63040705  0.39130698]
 [-3.38133806 -0.4538895   1.77549332 -0.09822971  2.58716851 -0.59622912  0.46336047]
 [-3.17056632 -0.44117809  1.69221743 -0.09658094  2.36864762 -0.58380078  0.51940207]
 [-2.95979458 -0.41575528  1.57721738 -0.09142854  2.28710997 -0.55241923  0.58184843]
 [-2.64363696 -0.40304387  1.42851042 -0.08905844  2.04249703 -0.53098035  0.59705972]
 [-2.53825109 -0.37762105  1.37894143 -0.0835969   1.96095938 -0.50550226  0.63148528]
 [-2.32747935 -0.3013526   1.2579931  -0.068758    1.77505354 -0.40669698  0.70754174]
 [-1.90593587 -0.25050696  1.07161372 -0.05814406  1.41302639 -0.34766238  0.74196729]
 [-1.48439238 -0.19966132  0.86342397 -0.04783926  0.98250761 -0.2637711   0.75637799]
 [-1.0628489  -0.14881569  0.69488942 -0.03743142  0.75420219 -0.21405775  0.79000295]
 [-0.85207716 -0.12339287  0.58583765 -0.03238207  0.64331099 -0.2047365   0.69953579]
 [-0.64130542 -0.11068146  0.47876864 -0.02959978  0.40195955 -0.17987983  0.65870548]
 [-0.43053367 -0.09797005  0.3875617  -0.02722968  0.33020642 -0.15502315  0.62107755]
 [-0.19025389 -0.07254723 -0.00899019 -0.02187118  0.14169138 -0.14259481  0.59065497]
 [-0.17760758 -0.07000495  0.26859613 -0.02135594  0.13451607 -0.13638065  0.46656284]
 [-0.11437606 -0.06492039  0.23885474 -0.02032546  0.08559348 -0.11773814  0.37929806]
 [-0.09751432 -0.05475126  0.06833743 -0.01929498  0.07254746 -0.11152397  0.2896315 ]
 [-0.08065258 -0.03949757  0.22299267 -0.01682183  0.05297842 -0.09598855  0.2183786 ]
 [-0.07222171 -0.0217016   0.21902715 -0.01146334  0.01775416 -0.06802479  0.19836374]
 [-0.00899019 -0.00899019  0.18928576 -0.00899019 -0.00899019 -0.05559645  0.17995007]
 [-3.97149894 -0.50727742  2.17204522 -0.10791621  2.72741327 -0.00899019  0.1479263 ]
 [-3.80288154 -0.00899019  1.85876922 -0.00899019  2.76002833 -0.0537322   0.13111382]
 [-3.38133806 -0.0217016   1.77351056 -0.01156639  2.58716851 -0.06181062  0.11270015]
 [-3.17056632 -0.04712442  1.66842431 -0.01517307  2.40126268 -0.08045313  0.09989064]
 [-2.95979458 -0.05983583  1.5811829  -0.01929498  2.24144889 -0.11587389  0.0910841 ]
 [-2.64363696 -0.06492039  1.42851042 -0.02032546  2.04249703 -0.13016648  0.06226271]
 [-2.53825109 -0.07000495  1.37695867 -0.02135594  1.95117486 -0.14259481  0.03744428]
 [-2.32747935 -0.07254723  1.26394138 -0.02187118  1.74243848 -0.15813024  0.02143239]
 [-1.90593587 -0.11068146  1.09144131 -0.02959978  1.46521048 -0.17366566 -0.00899019]
 [-1.48439238 -0.12339287  0.86937225 -0.03217598  1.05752224 -0.18422974  0.79160414]]

А:
[[-0.07808704 -0.3232356   0.14077029 -1.72472719  0.07762355  0.1806589   0.52467894]
 [-0.09557139 -0.20114058  0.249829    0.57764073  0.16306015  1.12788121  0.83050548]
 [-0.24884787  0.59783557  0.53343601  3.6462298   0.30982152  1.69069679  1.12090006]
 [-0.09205998 -0.4079317   0.2451183  -0.11647887  0.15044327  0.48859991  0.50930527]]

C:
[[-4.93463119  4.68156201  0.82293791]
 [-1.22192629  1.28932872  0.87585577]
 [-0.97097399  1.10625894  0.83581482]
 [-0.86750753  1.05651701  0.79545617]]

Для Ф4 (x1, x2, x3):

Лямбда 1:
[[0.1261841  0.88724551]
 [0.1261841  1.1408999 ]]

Лямбда 2:
[[ 0.1261841  -1.26900181]
 [ 0.1261841  -0.7905702 ]]

Лямбда 3:
[[ 0.1261841  -0.2844405 ]
 [ 0.1261841  -0.30790808]
 [ 0.1261841  -0.53474261]]

Псі:
[[ 9.75674481e-01  1.24380033e+00 -1.02745391e+00 -6.64386099e-01 -1.58256397e-01 -1.81723981e-01 -1.41187203e-01]
 [ 8.81286661e-01  1.14484473e+00 -9.12090107e-01 -2.23118855e-01 -1.38938424e-01 -1.64789037e-01 -1.89314038e-01]
 [ 8.34092751e-01  1.11574014e+00 -8.63637310e-01 -2.16665220e-01 -1.16622834e-01 -1.58630875e-01 -2.26746020e-01]
 [ 7.86898841e-01  1.05753096e+00 -7.96726306e-01 -1.96497613e-01 -1.08296122e-01 -1.43081517e-01 -2.68455944e-01]
 [ 7.16107976e-01  1.02842637e+00 -7.10203455e-01 -1.87220514e-01 -8.33159844e-02 -1.32458688e-01 -2.78616053e-01]
 [ 6.92511021e-01  9.70217193e-01 -6.81362505e-01 -1.65842850e-01 -7.49892720e-02 -1.19834457e-01 -3.01609985e-01]
 [ 6.45317111e-01  7.95589657e-01 -6.10990587e-01 -1.07760142e-01 -5.60043676e-02 -7.08770717e-02 -3.52410533e-01]
 [ 5.50929291e-01  6.79171299e-01 -5.02548614e-01 -6.62148711e-02 -1.90337642e-02 -4.16258038e-02 -3.75404465e-01]
 [ 4.56541471e-01  5.62752942e-01 -3.81416623e-01 -2.58796568e-02  2.49312775e-02 -5.82127268e-05 -3.85029832e-01]
 [ 3.62153651e-01  4.46334584e-01 -2.83357392e-01  1.48589096e-02  4.82460724e-02  2.45744339e-02 -4.07489022e-01]
 [ 3.14959741e-01  3.88125405e-01 -2.19907302e-01  3.46231646e-02  5.95704014e-02  2.91930551e-02 -3.47063107e-01]
 [ 2.67765831e-01  3.59020816e-01 -1.57610849e-01  4.55136725e-02  8.42174703e-02  4.15093784e-02 -3.19791234e-01]
 [ 2.20571921e-01  3.29916227e-01 -1.04543501e-01  5.47907718e-02  9.15449772e-02  5.38257017e-02 -2.94658331e-01]
 [ 1.66770864e-01  2.71707048e-01  1.26184101e-01  7.57650832e-02  1.10796336e-01  5.99838633e-02 -2.74338112e-01]
 [ 1.63939229e-01  2.65886130e-01 -3.53252202e-02  7.77818439e-02  1.11529087e-01  6.30629442e-02 -1.91453008e-01]
 [ 1.49781056e-01  2.54244294e-01 -1.80206500e-02  8.18153653e-02  1.16525115e-01  7.23001866e-02 -1.33166064e-01]
 [ 1.46005543e-01  2.30960623e-01  8.11922187e-02  8.58488868e-02  1.17857389e-01  7.53792675e-02 -7.32748917e-02]
 [ 1.42230030e-01  1.96035116e-01 -8.79154597e-03  9.55293382e-02  1.19855800e-01  8.30769695e-02 -2.56827996e-02]
 [ 1.40342274e-01  1.55288690e-01 -6.48426995e-03  1.16503650e-01  1.23452939e-01  9.69328332e-02 -1.23142344e-02]
 [ 1.26184101e-01  1.26184101e-01  1.08203002e-02  1.26184101e-01  1.26184101e-01  1.03090995e-01 -1.51544134e-05]
 [ 1.01342961e+00  1.26708400e+00 -1.14281771e+00 -2.61033956e-01 -1.53260369e-01  1.26184101e-01  2.13745499e-02]
 [ 9.75674481e-01  1.26184101e-01 -9.60542903e-01  1.26184101e-01 -1.56591054e-01  1.04014719e-01  3.26041447e-02]
 [ 8.81286661e-01  1.55288690e-01 -9.10936469e-01  1.16100297e-01 -1.38938424e-01  1.00011914e-01  4.49032247e-02]
 [ 8.34092751e-01  2.13497869e-01 -8.49793654e-01  1.01982972e-01 -1.19953519e-01  9.07746716e-02  5.34591064e-02]
 [ 7.86898841e-01  2.42602459e-01 -7.99033582e-01  8.58488868e-02 -1.03633163e-01  7.32239109e-02  5.93412751e-02]
 [ 7.16107976e-01  2.54244294e-01 -7.10203455e-01  8.18153653e-02 -8.33159844e-02  6.61420250e-02  7.85920089e-02]
 [ 6.92511021e-01  2.65886130e-01 -6.80208867e-01  7.77818439e-02 -7.39900665e-02  5.99838633e-02  9.51690298e-02]
 [ 6.45317111e-01  2.71707048e-01 -6.14451501e-01  7.57650832e-02 -5.26736826e-02  5.22861613e-02  1.05863882e-01]
 [ 5.50929291e-01  3.59020816e-01 -5.14084994e-01  4.55136725e-02 -2.43628602e-02  4.45884592e-02  1.26184101e-01]
 [ 4.56541471e-01  3.88125405e-01 -3.84877537e-01  3.54298689e-02  1.72707021e-02  3.93540218e-02 -4.08558507e-01]]

А:
[[ 0.34757317  0.11785684 -0.45189048  0.72645498 -0.37379828  2.41264067 -1.12448032]
 [ 0.40508699  0.0647945  -0.51736669  0.94425886 -1.28176584  3.23652916 -1.33856493]
 [ 1.03742742 -0.29871654 -0.90645629  1.6345769  -3.35284369  4.54196914 -2.11862338]
 [ 0.38261779  0.15268244 -0.55297959  0.86118083 -1.29714337  2.84019157 -1.15210828]]

C:
[[ 0.8376469  -0.22565012  0.71491227]
 [ 0.44456191 -0.01150624  0.77921778]
 [-0.05941573  0.50077359  0.65672007]
 [ 0.6543798   0.07221198  0.49705034]]

Відновлені через поліноми функції:

Ф1 (x1, x2, x3) =  0.0051 T0(x11) + 0.0511 T1(x11)
		 + 0.0492 T0(x12) + -0.0940 T1(x12)
		 + 0.0049 T0(x21) + -0.0376 T1(x21)
		 + 0.0208 T0(x22) + 0.1175 T1(x22)
		 + 0.0746 T0(x31) + -0.5895 T1(x31)
		 + 0.4974 T0(x32) + 0.4706 T1(x32)
		 + 0.1443 T0(x33) + -0.5269 T1(x33)

Ф2 (x1, x2, x3) =  -0.0004 T0(x11) + -0.0576 T1(x11)
		 + 0.1388 T0(x12) + 0.3420 T1(x12)
		 + 0.0085 T0(x21) + 0.3973 T1(x21)
		 + 0.0130 T0(x22) + -0.2939 T1(x22)
		 + 0.0008 T0(x31) + -0.1618 T1(x31)
		 + 0.0084 T0(x32) + 0.0871 T1(x32)
		 + 0.0408 T0(x33) + -0.1586 T1(x33)

Ф3 (x1, x2, x3) =  -0.0022 T0(x11) + -0.9574 T1(x11)
		 + 0.0052 T0(x12) + 0.2892 T1(x12)
		 + -0.0053 T0(x21) + 1.2871 T1(x21)
		 + -0.0363 T0(x22) + -0.8147 T1(x22)
		 + -0.0023 T0(x31) + 0.7213 T1(x31)
		 + -0.0127 T0(x32) + -0.8781 T1(x32)
		 + -0.0084 T0(x33) + 0.7500 T1(x33)

Ф4 (x1, x2, x3) =  0.0316 T0(x11) + 0.2221 T1(x11)
		 + 0.0126 T0(x12) + 0.1140 T1(x12)
		 + -0.0050 T0(x21) + 0.0507 T1(x21)
		 + 0.0078 T0(x22) + -0.0492 T1(x22)
		 + -0.0814 T0(x31) + 0.1834 T1(x31)
		 + 0.1781 T0(x32) + -0.4347 T1(x32)
		 + -0.0723 T0(x33) + 0.3062 T1(x33)

Нев'язка:
Ф1: 0.496179
Ф2: 0.784878
Ф3: 0.539821
Ф4: 0.877544
